+15621013805
+15621231184
+15622559429
+15629449621
+15620750997
+15626443787
+15622708547
+15621695466
+15629451169
+15628501541
+15624484576
+15626351794
+15623838788
+15624735937
+15628272413
+15623313896
+15629931355
+15625599322
+15623620811
+15622082852
+15628533899
+15622356068
+15622395709
+15621656873
+15624184645
+15620950573
+15622399820
+15622172631
+15625410576
+15627621995
+15621967873
+15623966477
+15621542600
+15622764855
+15629977360
+15622494745
+15628787221
+15627816134
+15622892183
+15627658768
+15623897988
+15623914287
+15623911682
+15624563955
+15624099432
+15627548921
+15627493111
+15624704570
+15626404137
+15620548406
+15626264279
+15622869020
+15625745819
+15622690750
+15624568262
+15622738112
+15626237197
+15626362664
+15623921314
+15622433846
+15623676349
+15622148705
+15629796586
+15628855631
+15621708135
+15626861073
+15620971677
+15628025737
+15627005920
+15624170968
+15629490403
+15620473436
+15629120439
+15626855944
+15622114036
+15629988519
+15620423065
+15623959332
+15621169917
+15625300073
+15626452243
+15626458105
+15625772353
+15626337542
+15625502825
+15622575066
+15627631957
+15626695859
+15628879198
+15623168997
+15625415182
+15623907934
+15621633577
+15627097398
+15620552306
+15620202734
+15624337177
+15620115746
+15626564674
+15622509474
+15620387505
+15620968130
+15625620649
+15623427467
+15625324830
+15625318878
+15628056308
+15628745800
+15625917425
+15623606862
+15627992844
+15628771389
+15624152258
+15624292753
+15624078438
+15628704359
+15624468493
+15626624893
+15625547964
+15620030266
+15629894800
+15625686560
+15623452288
+15629795773
+15622651655
+15621636104
+15626963982
+15628670418
+15627316152
+15622246427
+15620270380
+15624706321
+15627297010
+15626212559
+15621451131
+15622719047
+15626393589
+15627867617
+15624491114
+15623320776
+15629282770
+15628337158
+15626044046
+15621532784
+15627015375
+15621805868
+15628419706
+15622294320
+15623900717
+15621321742
+15623421658
+15623659513
+15629437967
+15626811785
+15626166634
+15628181536
+15627875551
+15627115976
+15626374714
+15628785036
+15620377201
+15624460731
+15622677142
+15621597565
+15623591655
+15628327834
+15627028395
+15629597769
+15628127511
+15628649606
+15627605885
+15621634396
+15625749128
+15625223364
+15620446366
+15628748995
+15624771797
+15621275879
+15623175306
+15627539327
+15626083247
+15626345104
+15628060590
+15620942527
+15620031437
+15626680356
+15626363457
+15620395539
+15625803306
+15628498348
+15622037127
+15625900844
+15626066101
+15627825687
+15628317647
+15625324373
+15625322764
+15622389570
+15620289956
+15628616565
+15625493257
+15622167965
+15623616784
+15622061646
+15621710932
+15621026256
+15620495669
+15628432971
+15621073490
+15627795850
+15627592703
+15620916389
+15623170311
+15623537241
+15621693511
+15621714594
+15624356827
+15625944564
+15623246102
+15624519918
+15620700099
+15622802453
+15622441538
+15626262342
+15622977654
+15623253136
+15622335855
+15625765543
+15621855477
+15629845914
+15625490562
+15621747084
+15622048212
+15625997237
+15624393844
+15620086416
+15622529559
+15622613088
+15625875734
+15621905327
+15626963959
+15629072367
+15627742556
+15629501929
+15629446757
+15620167185
+15621093254
+15626553774
+15626436824
+15624647609
+15620924558
+15628043609
+15620622701
+15624155011
+15621201492
+15628453076
+15620023939
+15627399695
+15624121758
+15628865212
+15621990715
+15624944126
+15628062517
+15620241981
+15622970466
+15624807663
+15626649742
+15629482066
+15623184174
+15622689369
+15622480603
+15629170618
+15620996848
+15623690236
+15626145507
+15625300510
+15620236885
+15628115030
+15628042801
+15622202883
+15620124584
+15629214959
+15624358104
+15629642240
+15624635690
+15620197582
+15627533950
+15625223176
+15620450913
+15621895257
+15620247812
+15622967317
+15623745292
+15625237280
+15627759141
+15624255178
+15621023106
+15625529706
+15625616666
+15628355810
+15628224666
+15623043066
+15627290191
+15622366618
+15625785049
+15627559996
+15621695313
+15621260473
+15622243440
+15624977517
+15627211185
+15620776430
+15621803366
+15626526089
+15621101617
+15626506204
+15627197364
+15626705754
+15621925423
+15629089117
+15622744709
+15628735716
+15629007794
+15628147530
+15629803616
+15623765001
+15629072216
+15621782667
+15624137648
+15628863831
+15623830044
+15627654386
+15625578173
+15620185859
+15629461751
+15624843905
+15623110032
+15629094200
+15628136609
+15622353549
+15623881214
+15626612953
+15624702214
+15628360248
+15624636456
+15620390129
+15621796862
+15625722664
+15628126855
+15620637512
+15629663083
+15626359274
+15626553982
+15628673943
+15624249881
+15622202351
+15621538476
+15627712075
+15627621041
+15621822566
+15629186147
+15628449497
+15620257797
+15625251120
+15624980832
+15625955745
+15627414249
+15624535917
+15620862492
+15626971377
+15625570258
+15626150466
+15628400783
+15622045051
+15625704581
+15629602118
+15627295186
+15626636878
+15627132486
+15624381727
+15622311712
+15628107250
+15626206100
+15620850691
+15623517355
+15620520221
+15629384908
+15620056273
+15623198467
+15629919627
+15622171352
+15629269892
+15625376936
+15629201186
+15620924859
+15623696055
+15626770600
+15622032139
+15621333872
+15621503699
+15621741756
+15622025928
+15622928905
+15620113731
+15624268160
+15626067447
+15624831602
+15628607345
+15629199341
+15622910701
+15621331330
+15626489332
+15629550084
+15628350739
+15629007463
+15623320334
+15622774110
+15627374301
+15624161958
+15627976236
+15626613072
+15621654790
+15625402602
+15629777911
+15622020971
+15625394130
+15627250060
+15626759458
+15626292002
+15626254974
+15624159430
+15621572656
+15626837828
+15622144468
+15629393413
+15622038772
+15624136584
+15627205983
+15623727907
+15629112515
+15620303260
+15629361817
+15621179800
+15622161583
+15623045398
+15620385411
+15629535328
+15621032828
+15622717495
+15628410444
+15620064540
+15620984197
+15624824274
+15625008380
+15627051573
+15627673557
+15625416471
+15620716297
+15620487248
+15626806977
+15623639471
+15623369285
+15622074622
+15629717336
+15620480458
+15629845864
+15629009176
+15628101573
+15623200948
+15628272067
+15624185281
+15625283369
+15629975346
+15623870116
+15624145467
+15628812394
+15621871910
+15623019530
+15627664406
+15628666197
+15626886079
+15628691200
+15620116643
+15625599739
+15623601615
+15623265725
+15620113468
+15623847397
+15627273768
+15622155833
+15623024602
+15627357239
+15628969200
+15623371876
+15622172370
+15620161506
+15629425913
+15626049041
+15621779384
+15621167532
+15620614543
+15627379993
+15625692524
+15623010780
+15623197591
+15626287900
+15621994603
+15625777426
+15628606690
+15624296148
+15625409797
+15627297872
+15621754356
+15627044094
+15624699207
+15624861011
+15628457953
+15626438785
+15623797344
+15620662706
+15628012356
+15623218449
+15626616105
+15628793720
+15628576784
+15627398803
+15624919198
+15629447239
+15623267889
+15623487538
+15624712395
+15623506736
+15623419688
+15623560024
+15628775717
+15629927897
+15624904379
+15627015975
+15620722460
+15628413652
+15627771081
+15623277473
+15621516909
+15629750359
+15622584271
+15621838666
+15624294792
+15628958881
+15623237412
+15624984576
+15626960403
+15622440531
+15626559125
+15620541030
+15629646464
+15629805038
+15627834922
+15623249953
+15623042178
+15621803956
+15622544963
+15621420292
+15627267458
+15623205363
+15622465957
+15622206796
+15622116608
+15625229283
+15624826195
+15621187888
+15628502736
+15621770648
+15622170695
+15620446598
+15620457425
+15627490611
+15626487121
+15620205751
+15624815898
+15623045135
+15623889559
+15621109209
+15624775578
+15620617023
+15623235956
+15621767667
+15623944927
+15623301216
+15628964129
+15627445499
+15628193121
+15629334127
+15623642888
+15622339876
+15628370779
+15626591636
+15622173741
+15629911554
+15622184803
+15627066830
+15623504010
+15621051534
+15620204907
+15622704920
+15625313203
+15622490734
+15622381563
+15622311563
+15629141763
+15622161260
+15623629425
+15627609937
+15628109313
+15622296646
+15626719886
+15624919214
+15626332258
+15626107366
+15629860157
+15623306134
+15622027580
+15627740782
+15624357778
+15628462932
+15622434959
+15626657048
+15625263351
+15622749521
+15626785481
+15623267062
+15622185831
+15620157561
+15622124058
+15620450588
+15623243954
+15622558550
+15621967884
+15621081378
+15628672647
+15625268352
+15625495224
+15628230035
+15621893746
+15626326383
+15624811465
+15620621870
+15629699210
+15621816945
+15628840966
+15625642629
+15627360353
+15629201497
+15623565139
+15621258661
+15620024545
+15628121525
+15625521689
+15628140578
+15623289019
+15620201066
+15623909242
+15620281719
+15628925495
+15624881677
+15626269846
+15623318297
+15625590722
+15628534190
+15626653143
+15629456015
+15627124175
+15620353433
+15624000268
+15624371730
+15623879806
+15628991183
+15625634408
+15626027011
+15629785359
+15626015357
+15628690253
+15625115976
+15623812103
+15623486985
+15626336165
+15623838621
+15628952822
+15629362093
+15625311022
+15628435754
+15620156415
+15623455645
+15625010936
+15626460153
+15623926400
+15623857041
+15625627072
+15623600652
+15628821821
+15625023685
+15624097468
+15624721008
+15629697479
+15623636327
+15622503796
+15629043254
+15621279233
+15625642369
+15620647233
+15624449264
+15623658143
+15621888084
+15623362559
+15624058809
+15625539513
+15624954302
+15621016925
+15628257228
+15626647645
+15622707668
+15620324602
+15626686473
+15626507648
+15627609359
+15627349135
+15628571275
+15623807699
+15628455745
+15620375236
+15623289788
+15628170069
+15627203988
+15629932030
+15621708227
+15628991963
+15625557160
+15622245082
+15629861370
+15629365935
+15629088786
+15622277282
+15628278568
+15623249729
+15625693074
+15625004091
+15622192429
+15627444759
+15621255288
+15620408964
+15624621174
+15620493468
+15624903879
+15627185170
+15628657192
+15621687061
+15627411429
+15625900790
+15623360431
+15624087175
+15624655837
+15627414520
+15628093647
+15624505496
+15621212428
+15621993267
+15621481650
+15628355770
+15625709225
+15624379102
+15626102976
+15625114488
+15624982262
+15620689636
+15628162326
+15621466186
+15626982095
+15620373710
+15628028570
+15626324861
+15624544418
+15620894055
+15624732237
+15628434282
+15628115466
+15623484510
+15629405254
+15626266795
+15628946111
+15620611852
+15625222540
+15624177057
+15623290516
+15628417302
+15627742512
+15624961738
+15622243401
+15624249336
+15623590123
+15626456646
+15623167394
+15620976333
+15625004703
+15626128036
+15626066372
+15627524346
+15627057822
+15626180135
+15627746330
+15629809497
+15625923660
+15625263213
+15623218220
+15626761561
+15624252608
+15623955914
+15629421764
+15622912643
+15622880397
+15622812928
+15629384593
+15628194035
+15621060426
+15620481768
+15627953979
+15627238822
+15620416763
+15626515718
+15622944951
+15620988572
+15624988214
+15626720029
+15628315885
+15620259811
+15627330748
+15626816697
+15621240328
+15621135985
+15622433381
+15622038574
+15621837388
+15622227003
+15621657862
+15626596180
+15628529691
+15625164479
+15620913657
+15622288102
+15625169375
+15628135490
+15626219482
+15624247404
+15621150879
+15620819341
+15626396362
+15625613065
+15624526338
+15623539592
+15621390600
+15624100183
+15622270662
+15623295337
+15627087492
+15627701596
+15625233738
+15623977717
+15623771851
+15628458711
+15625624901
+15626063561
+15627427962
+15627611337
+15622400248
+15620952530
+15621154666
+15624150440
+15628156607
+15620331378
+15621139684
+15624648692
+15628901119
+15627760403
+15623617119
+15620197817
+15626482344
+15629411534
+15627848542
+15625244704
+15629305869
+15629659710
+15628150680
+15627719184
+15628453731
+15624345868
+15625574426
+15620027407
+15624440951
+15625332680
+15626373098
+15621794280
+15626938507
+15628793457
+15626409435
+15622677096
+15627556199
+15626587553
+15627321089
+15623492165
+15629104447
+15626463444
+15623155404
+15620615126
+15628726517
+15629280931
+15628335359
+15623351830
+15629999876
+15622504975
+15622133308
+15629965344
+15620159064
+15624548808
+15629325629
+15624279961
+15629621413
+15628519899
+15626675249
+15627245810
+15624825871
+15620042639
+15627427109
+15627364438
+15628724818
+15627925890
+15620451369
+15624465363
+15625312799
+15629511586
+15622524857
+15622228589
+15624595410
+15626656909
+15620317064
+15620857018
+15627342368
+15625394796
+15622712086
+15624700178
+15627533614
+15620410102
+15629497936
+15627034396
+15626400685
+15627610662
+15628408012
+15623033198
+15625215861
+15627104284
+15624463013
+15623281941
+15620393138
+15621305279
+15620285538
+15620332416
+15621810879
+15628637862
+15628289671
+15621511762
+15624253701
+15621415253
+15623943878
+15626700894
+15628000163
+15629320258
+15621817900
+15626430769
+15622882830
+15628106050
+15621398624
+15622510372
+15622008289
+15623394658
+15628867138
+15623214453
+15621697039
+15628692059
+15621480454
+15620052396
+15620873794
+15621061669
+15621631861
+15623538296
+15629572005
+15626880188
+15626627410
+15626463979
+15625209799
+15624635187
+15629333279
+15622897641
+15626393170
+15624890413
+15629182684
+15627819514
+15624918459
+15628919672
+15628558886
+15625570736
+15620572557
+15626232490
+15621181746
+15627728949
+15620694033
+15625072320
+15626178545
+15621937718
+15622052873
+15625314003
+15626153755
+15623411441
+15620431769
+15629204728
+15626398962
+15621667886
+15621175056
+15624935438
+15624671042
+15625344804
+15627882491
+15625632406
+15629548881
+15620488504
+15620452675
+15622538412
+15624583635
+15629869238
+15627207084
+15629345836
+15629418557
+15625248642
+15627488472
+15622481199
+15622162296
+15624305718
+15627296804
+15629128569
+15627818117
+15620576264
+15627073876
+15622986116
+15622180189
+15620904144
+15620301640
+15625647399
+15624839159
+15622745738
+15627589768
+15625252304
+15625691201
+15625651574
+15620640008
+15629169283
+15626428561
+15620920450
+15628301986
+15629570198
+15624418121
+15620107759
+15623428174
+15625691944
+15620594509
+15626533794
+15621362417
+15622447737
+15629523018
+15621302177
+15621861942
+15626952111
+15628650050
+15627439701
+15629025318
+15626477293
+15620074672
+15626312149
+15627044311
+15623745524
+15621010333
+15625244806
+15628245624
+15625740685
+15622955088
+15624862609
+15624989148
+15623974788
+15621922880
+15626520952
+15628917601
+15620924849
+15622088679
+15624829601
+15624054435
+15626286559
+15625753917
+15625280686
+15627266618
+15625694498
+15628424139
+15628460273
+15628415014
+15626873323
+15621261129
+15625730016
+15623932965
+15627804680
+15622544788
+15620383645
+15621502335
+15622657429
+15622226346
+15620377326
+15620647274
+15627270134
+15626627322
+15629018051
+15625493955
+15623864864
+15624660936
+15626776289
+15628870825
+15627763456
+15620411224
+15620712875
+15624951987
+15624769232
+15626875160
+15621018073
+15625353354
+15623987007
+15628434061
+15622902852
+15624642782
+15627290120
+15622432900
+15629204150
+15620704022
+15621794339
+15620500431
+15625109378
+15620465249
+15627697591
+15627707848
+15628776999
+15622152170
+15625806690
+15627675099
+15623895218
+15627231099
+15623406638
+15625154706
+15623964228
+15624913684
+15626501994
+15629467464
+15629958635
+15627137051
+15627314454
+15626213054
+15628100897
+15625759762
+15623040510
+15628281408
+15621202280
+15622115793
+15625190754
+15620522925
+15620174985
+15623933832
+15620525624
+15623368733
+15627697056
+15626504705
+15629371516
+15620050965
+15621763340
+15627993019
+15627044889
+15622811622
+15629419236
+15623559973
+15621380658
+15626666724
+15628807034
+15629162943
+15627907316
+15627602084
+15625786005
+15621304269
+15629799991
+15620262984
+15627514741
+15626669754
+15626710269
+15624056973
+15624217086
+15621274627
+15620636247
+15625882088
+15622382092
+15620642547
+15626880884
+15626107999
+15627720571
+15626797020
+15622066105
+15625058448
+15625433919
+15627357054
+15621193785
+15629333677
+15620473855
+15627389757
+15627450248
+15621585103
+15627957044
+15621140658
+15623185865
+15627059401
+15620600650
+15627717234
+15626587587
+15621094015
+15624362892
+15624435504
+15625853811
+15624503127
+15621294598
+15623510959
+15627507484
+15626933505
+15629485366
+15623753405
+15625306985
+15624072026
+15625160225
+15620047892
+15620999531
+15624962120
+15623503770
+15626332276
+15620771374
+15629407239
+15622216856
+15627128832
+15620974786
+15621100772
+15620589809
+15628692549
+15625308173
+15625092609
+15620488396
+15628749619
+15620191133
+15626250714
+15627706952
+15626154146
+15628835722
+15627609349
+15627366747
+15622347239
+15628743198
+15627174439
+15620360258
+15620355259
+15623443664
+15622834277
+15625891882
+15629269186
+15620971449
+15629380465
+15621155846
+15627478008
+15626255992
+15624575297
+15621160339
+15621490939
+15625082566
+15626995219
+15622270105
+15622544593
+15629066345
+15628659877
+15621775740
+15620878864
+15628321996
+15621990176
+15624283911
+15620073256
+15620837333
+15626663874
+15622101351
+15625637066
+15629054672
+15620537376
+15629689183
+15627791981
+15628954816
+15623896648
+15624870736
+15628203953
+15621293882
+15621280537
+15625347739
+15623375342
+15625551905
+15621701025
+15629770103
+15621144754
+15623272952
+15621413410
+15622788035
+15620262827
+15624208520
+15620862828
+15628174898
+15623866045
+15621092850
+15622283642
+15628517413
+15622514445
+15628370173
+15621232324
+15624343654
+15629726245
+15621708114
+15628238502
+15620778028
+15624631202
+15621972557
+15627735554
+15627008162
+15628311250
+15623942495
+15628466712
+15623462292
+15623576001
+15629280588
+15621102457
+15622708146
+15628192868
+15629811159
+15620777480
+15620796014
+15623950614
+15624420623
+15620307898
+15627652753
+15626839299
+15620310840
+15628983599
+15627020305
+15621152244
+15628997136
+15627930693
+15625375136
+15629041318
+15628334459
+15623182202
+15629302614
+15625134320
+15629797063
+15625138299
+15621352337
+15625649877
+15627644006
+15624617062
+15623103051
+15629078844
+15620655138
+15621282953
+15627780396
+15626581143
+15620504185
+15628997278
+15622600092
+15623056280
+15627776158
+15623294629
+15621389061
+15627000768
+15620399199
+15620697196
+15626384821
+15620455950
+15621761778
+15622021868
+15627409557
+15626654567
+15620243358
+15624744417
+15620650452
+15628514971
+15622721921
+15621159886
+15628015842
+15623438649
+15620774188
+15627250948
+15623621738
+15626095188
+15622813616
+15628019367
+15620371209
+15622799808
+15628867141
+15626493113
+15629653453
+15627343528
+15626474196
+15622393139
+15627815438
+15622297205
+15626445679
+15622686285
+15620286049
+15626039972
+15625603210
+15624598143
+15624249783
+15625357336
+15626002871
+15621259959
+15620364664
+15622373811
+15629490554
+15624889560
+15627077230
+15629940637
+15623701327
+15623641833
+15623370242
+15622364557
+15621702619
+15624853536
+15629838531
+15623832614
+15620518446
+15621228988
+15622476236
+15628444133
+15624255011
+15620099966
+15627120103
+15626378693
+15625906565
+15623945513
+15622499769
+15624343340
+15629509903
+15625906079
+15629544047
+15621519344
+15627161754
+15626496010
+15620568636
+15621743708
+15624699831
+15626001506
+15620483526
+15623453140
+15627594136
+15623132791
+15625652927
+15620890670
+15622819415
+15627539957
+15620842639
+15621019082
+15627625826
+15629268486
+15621331574
+15625895422
+15625573641
+15622646929
+15623444572
+15625036795
+15623862591
+15628397367
+15620973412
+15622147324
+15629642706
+15624409369
+15628064008
+15629714981
+15622744697
+15626981258
+15620918660
+15627672797
+15628326716
+15624488452
+15627102189
+15627178542
+15626502974
+15623632022
+15627312237
+15628606593
+15628239247
+15628411241
+15621926012
+15622633476
+15629464160
+15628388161
+15621549576
+15622300329
+15626767721
+15621594002
+15622234986
+15622175829
+15623858207
+15629905541
+15624610220
+15625347377
+15629717576
+15623462683
+15622623814
+15622714982
+15621014198
+15628353296
+15629325346
+15626267697
+15622429501
+15622416072
+15620149055
+15625568610
+15629423979
+15622649848
+15625279918
+15628276977
+15625424838
+15622980048
+15623035947
+15628737453
+15629879261
+15627966741
+15620950364
+15626164902
+15629813864
+15621649962
+15625658404
+15621817702
+15628420596
+15621363027
+15626064643
+15627630688
+15621303131
+15623723915
+15629205592
+15621779127
+15621093790
+15624336070
+15620474715
+15623943424
+15620532862
+15620771614
+15622769424
+15626356672
+15627442447
+15623071064
+15622270036
+15620033777
+15621116484
+15623982878
+15623170149
+15629163097
+15627558470
+15624754838
+15627624806
+15625010907
+15627109843
+15623925085
+15621492304
+15623162057
+15620474879
+15624463225
+15628692475
+15628046516
+15620473092
+15628885421
+15627807919
+15629637851
+15623888661
+15629684549
+15628591194
+15622239081
+15625309884
+15627822788
+15624531228
+15621678750
+15628778270
+15622071309
+15623713370
+15620429952
+15621654516
+15622948115
+15627753605
+15625349314
+15620117386
+15627210310
+15623891977
+15627317750
+15625588880
+15623585886
+15629138721
+15623323682
+15628058283
+15625939556
+15622221861
+15621662840
+15624762401
+15625092189
+15627491297
+15628313032
+15622642843
+15625466531
+15625336651
+15620578336
+15629000904
+15626421987
+15620226374
+15622718938
+15622218290
+15623622160
+15624857763
+15629180467
+15628655720
+15624729254
+15622711157
+15628220668
+15622278456
+15620169522
+15627114212
+15622221076
+15624490616
+15623217160
+15627025818
+15628197546
+15627152838
+15627348667
+15625186362
+15622469627
+15621678430
+15620640264
+15621709209
+15623688714
+15625580233
+15625052021
+15626121449
+15623672593
+15623280274
+15626901463
+15621440340
+15628169931
+15620191617
+15623490538
+15625073540
+15629629451
+15624306999
+15627297649
+15626889975
+15626341097
+15625029850
+15620730073
+15621427977
+15625411188
+15624857366
+15622918041
+15621073281
+15624494435
+15623385608
+15629517155
+15629063537
+15627646661
+15625418696
+15629678176
+15627170221
+15623645345
+15624245869
+15620805510
+15628589471
+15628218272
+15622707006
+15621933895
+15623614111
+15627654065
+15620791687
+15627819079
+15626572896
+15627655428
+15627479862
+15622813736
+15624131943
+15625107108
+15625058839
+15627004667
+15628207890
+15620530043
+15622312665
+15622157876
+15621625497
+15621707941
+15626280507
+15620100294
+15628294849
+15625957091
+15621142299
+15629932062
+15628327201
+15625275213
+15625137785
+15628523746
+15621589200
+15625516210
+15621780529
+15628701317
+15622103890
+15628504675
+15627856431
+15625039318
+15623142464
+15627647606
+15625531785
+15627589504
+15620186093
+15624003695
+15629895389
+15624815470
+15628446229
+15628158786
+15627395121
+15628316530
+15626503171
+15622103588
+15626560257
+15620394862
+15624355790
+15629851114
+15626688465
+15623669152
+15625069864
+15627015934
+15621833755
+15621861356
+15622158023
+15621076871
+15627219552
+15624102222
+15627093079
+15623123098
+15621402491
+15621511977
+15629518624
+15628364624
+15625122829
+15625366399
+15623169209
+15624230490
+15625486046
+15623810896
+15624153081
+15624799634
+15623885289
+15625375808
+15625846526
+15627969189
+15623377425
+15625076666
+15622673691
+15625210407
+15624158004
+15624383315
+15625034806
+15623756760
+15627727205
+15629303859
+15626975487
+15624398053
+15624601254
+15625152079
+15623023266
+15625762610
+15625973443
+15628116092
+15626714827
+15626612044
+15625434408
+15621550270
+15623225896
+15626454400
+15620404284
+15623938513
+15626764198
+15628796664
+15627778811
+15624316569
+15627017503
+15623848415
+15620848755
+15621117533
+15629121587
+15624442802
+15622796949
+15625247218
+15622441322
+15625282435
+15624334488
+15621668809
+15629347183
+15628758142
+15624547862
+15623349495
+15627628876
+15628816411
+15621969360
+15627946049
+15629440128
+15627124347
+15626471772
+15620492279
+15620412347
+15627401328
+15628894255
+15628840061
+15627965523
+15624631088
+15623399102
+15629432270
+15623867162
+15626868308
+15621403208
+15627806068
+15621299676
+15627162904
+15625004810
+15623731624
+15621491902
+15621549382
+15620318167
+15623848173
+15629491205
+15627810068
+15620626668
+15624711626
+15624743666
+15628321983
+15624956184
+15621761880
+15623406558
+15629023747
+15625628067
+15626909532
+15629063765
+15626563135
+15624561566
+15624177823
+15621639856
+15621112718
+15620846686
+15621184717
+15625345724
+15624800051
+15623399357
+15623992817
+15629125490
+15622283041
+15627189188
+15627165822
+15622510445
+15629813175
+15620106108
+15624680405
+15620347813
+15627132427
+15625736848
+15620401310
+15628729265
+15626086853
+15624421006
+15621519827
+15629285260
+15626005562
+15627872601
+15628563738
+15623881923
+15624985216
+15628225207
+15625281225
+15622695728
+15622865811
+15621706573
+15624496300
+15629115178
+15628215480
+15628185329
+15625699905
+15626156854
+15624680986
+15627616474
+15622393152
+15629995042
+15623959717
+15620248749
+15621532216
+15621025386
+15623594237
+15626719006
+15629176584
+15629256474
+15626399533
+15629731460
+15629389225
+15623095319
+15620917193
+15627033816
+15624758313
+15621055164
+15621616406
+15628465463
+15622258379
+15622225840
+15625924766
+15622191065
+15626420327
+15626365084
+15622934172
+15620771407
+15621464366
+15627705403
+15626487166
+15627118008
+15622247256
+15629588887
+15622351593
+15626311282
+15620959123
+15622865120
+15620029992
+15620586308
+15624512607
+15626782064
+15629234240
+15625950324
+15624099163
+15625179835
+15626599901
+15622337050
+15623406931
+15620109200
+15622346633
+15621401278
+15628154029
+15626272014
+15622952059
+15628341727
+15628708735
+15625647732
+15624248496
+15623155950
+15620009319
+15629794158
+15629511233
+15626796393
+15625810786
+15628666047
+15624853817
+15623613201
+15620378133
+15620867386
+15625074670
+15625490838
+15628282531
+15629310072
+15624382911
+15620962146
+15628212677
+15626356367
+15624868843
+15627742396
+15624510163
+15629408558
+15626262554
+15621035121
+15623306460
+15628125295
+15620875743
+15625004640
+15628078445
+15623183331
+15625586229
+15626096574
+15626922610
+15628316144
+15624815837
+15626013448
+15621604831
+15627596319
+15624105707
+15628978770
+15628016379
+15629039936
+15628227941
+15624347444
+15621443425
+15627284283
+15627695245
+15628915611
+15620349114
+15628369968
+15626524691
+15627330164
+15629260282
+15622395620
+15628733229
+15627965112
+15625063556
+15622740000
+15623798503
+15626361253
+15629926160
+15623581182
+15620061315
+15624098403
+15623478580
+15627057880
+15626269178
+15625098528
+15621196796
+15621875880
+15621376656
+15622735798
+15628619025
+15629478311
+15624890165
+15622318703
+15622871704
+15624381477
+15624195889
+15623412240
+15628091346
+15621673129
+15625933160
+15622238965
+15625009469
+15628410840
+15620757644
+15620138255
+15621222685
+15628358738
+15620890012
+15627139732
+15620643633
+15625115484
+15629677142
+15623327711
+15628248252
+15626136475
+15622016881
+15627622945
+15622541381
+15626739587
+15629732640
+15622332991
+15626964627
+15620925790
+15623619804
+15620428565
+15620049230
+15624389680
+15629883073
+15627897172
+15628755001
+15628667580
+15627697344
+15621463933
+15621795491
+15621902426
+15624009769
+15629019596
+15621799052
+15624201582
+15620896789
+15622553246
+15628472550
+15624853004
+15624580976
+15620273719
+15623988048
+15622044104
+15627500745
+15621489115
+15623099439
+15626092999
+15627228745
+15623344300
+15623114009
+15622299366
+15628909607
+15621880110
+15626410380
+15625255455
+15627026148
+15622504523
+15621678049
+15628214075
+15620501003
+15623246710
+15627097610
+15620564529
+15620420505
+15621623774
+15627161188
+15623583398
+15625797267
+15624093763
+15620613305
+15623616341
+15627626870
+15629736749
+15622737237
+15621628123
+15627523062
+15622798680
+15626482353
+15621341712
+15620904906
+15622837969
+15621202481
+15628488412
+15625183670
+15622336938
+15624663449
+15629141885
+15627550088
+15627864863
+15627502295
+15628081874
+15627969266
+15624738872
+15621175143
+15621724541
+15622016261
+15627534187
+15625523231
+15626342922
+15627544682
+15625545677
+15624588910
+15629112010
+15621902636
+15621942390
+15622576076
+15629771638
+15627330442
+15623354230
+15622416137
+15627267915
+15624640275
+15620323141
+15623874284
+15622642370
+15622793969
+15625364985
+15629603937
+15629272815
+15620872522
+15620097553
+15625348735
+15629769465
+15620780371
+15624345210
+15629753365
+15626535831
+15622062072
+15622435919
+15629136866
+15626095188
+15628730884
+15620771062
+15627928608
+15620293228
+15622304121
+15628764916
+15624370896
+15629681524
+15626114056
+15629300855
+15628718777
+15623431744
+15629868522
+15626896185
+15620909109
+15629402949
+15625274478
+15620649712
+15628554022
+15629964309
+15629044619
+15625165816
+15622081131
+15622345238
+15626747681
+15626010537
+15623230827
+15622926551
+15626269818
+15622365364
+15628401974
+15627514754
+15627665733
+15622303910
+15627265070
+15626149349
+15628400314
+15623425167
+15623420761
+15625190229
+15628296097
+15624285778
+15621911314
+15624074470
+15625460745
+15628838279
+15629511621
+15624412251
+15626142392
+15628044093
+15627373613
+15623312609
+15625416080
+15621682923
+15620903344
+15622832871
+15629845148
+15620897991
+15628555869
+15625511899
+15626530452
+15620332005
+15621870176
+15627524614
+15620276744
+15626770925
+15622751088
+15628380777
+15620990011
+15624913324
+15629766631
+15626607892
+15622749047
+15625734869
+15623775611
+15624546140
+15628844033
+15624372618
+15622795689
+15625389353
+15628424345
+15627290861
+15627973641
+15621797693
+15626518756
+15620916495
+15621966798
+15621570787
+15624276420
+15620230172
+15620247496
+15629325321
+15627947331
+15629725604
+15624617806
+15622490531
+15626217134
+15623091176
+15629894249
+15628616089
+15628279091
+15620491440
+15623571996
+15621279670
+15624141912
+15628981971
+15620327448
+15626613325
+15628526119
+15621480755
+15620425968
+15625329749
+15622805653
+15624283567
+15620332536
+15626070064
+15628601682
+15621550901
+15629718358
+15627292078
+15626375457
+15629104620
+15623051231
+15622165138
+15629435595
+15626375262
+15623895756
+15625219571
+15629556377
+15624016332
+15620242488
+15629623399
+15623389012
+15629402315
+15620363038
+15624860010
+15626444239
+15620188142
+15622260889
+15622710955
+15623281548
+15620595928
+15624000975
+15623420098
+15623657308
+15627646119
+15627455880
+15629666757
+15620539502
+15622598633
+15627757918
+15621113805
+15625505443
+15627507717
+15628176795
+15622102110
+15629829586
+15628032142
+15627079196
+15626368705
+15624852825
+15624321008
+15620118903
+15621604664
+15621205693
+15621978707
+15622283918
+15624208673
+15623223734
+15626449632
+15627356989
+15625497626
+15626968105
+15620004065
+15625390000
+15621150554
+15628009338
+15625872947
+15626965264
+15627457105
+15620992076
+15628539301
+15624466010
+15622470959
+15625750685
+15626299633
+15620964086
+15626916180
+15621020534
+15621523750
+15626142278
+15623447957
+15628325751
+15621727851
+15622534113
+15622526002
+15621933150
+15629116329
+15624382725
+15625959293
+15622918951
+15621913057
+15621370065
+15625024556
+15621052564
+15626509028
+15621746077
+15622421190
+15627537076
+15621543835
+15627026632
+15626838264
+15629096022
+15620991280
+15624939639
+15624029065
+15620961324
+15623397165
+15623067381
+15620237499
+15621260780
+15628404792
+15622459598
+15623883122
+15622765328
+15620253182
+15626029725
+15624740926
+15621991930
+15622945917
+15621806477
+15627103449
+15625604102
+15624875855
+15627629587
+15628673825
+15625610142
+15627264028
+15623529288
+15623172670
+15622282755
+15629528726
+15625515898
+15623010544
+15621898368
+15621672926
+15624390964
+15626503848
+15621024977
+15622240625
+15629077024
+15629154970
+15628229081
+15624873469
+15627135160
+15621571085
+15627093134
+15627471884
+15627985893
+15620463873
+15629985423
+15621335159
+15628101779
+15620304141
+15625326880
+15625804231
+15620682612
+15621450037
+15620776788
+15622257808
+15621842708
+15626868637
+15624304412
+15627539465
+15625771581
+15628323637
+15627653195
+15626916169
+15621928701
+15629225286
+15622194544
+15625373458
+15623202780
+15622969528
+15625794596
+15624722685
+15621848153
+15625778252
+15620089857
+15622885827
+15626463726
+15623495061
+15621457654
+15623054451
+15627788696
+15623011648
+15621348457
+15629971734
+15620389098
+15626560570
+15623763721
+15624937105
+15622810930
+15627597787
+15621241251
+15623115706
+15627543025
+15626957968
+15628431066
+15625965239
+15626751959
+15625420560
+15625855800
+15621545641
+15624261932
+15627525003
+15625080556
+15622934902
+15628312785
+15624819012
+15628552059
+15626618174
+15629410195
+15629050897
+15624193418
+15621973207
+15628137752
+15624289264
+15625513072
+15621922167
+15624405918
+15624329463
+15623569498
+15626357279
+15627718411
+15626957078
+15620280168
+15625571175
+15625514095
+15623373539
+15625476739
+15624945290
+15620498208
+15620036663
+15628697960
+15626033447
+15623283223
+15623102365
+15629207272
+15620470659
+15627799954
+15629733382
+15626899154
+15628937500
+15624810596
+15621849120
+15625235913
+15629276878
+15624342718
+15623582458
+15628684281
+15625733047
+15623186015
+15620808980
+15625436271
+15629433893
+15623744239
+15627022910
+15620292395
+15622533983
+15620165387
+15624402082
+15626016965
+15623162490
+15629763554
+15620546349
+15625709958
+15622335977
+15621597856
+15629426381
+15620751497
+15626314816
+15623393355
+15624328342
+15624699554
+15624305839
+15623386637
+15623450101
+15629698863
+15624940350
+15625036111
+15625282861
+15628833050
+15624480889
+15625143789
+15629207141
+15629671045
+15625470148
+15623253490
+15629073933
+15625908721
+15627431500
+15622987081
+15624791484
+15624381339
+15628336785
+15624453673
+15629687770
+15626645520
+15622495181
+15629457758
+15629048946
+15625758001
+15623844680
+15629612509
+15628494724
+15629985590
+15629404612
+15628204640
+15622999492
+15628257997
+15628590704
+15629900409
+15625577780
+15625092779
+15622121551
+15628875290
+15626723502
+15622870674
+15621163585
+15624288494
+15628762887
+15628262656
+15620500042
+15626261584
+15625526952
+15625076321
+15628208815
+15622111648
+15627277488
+15622965944
+15629773366
+15627212879
+15628202337
+15629680680
+15620886657
+15628507867
+15625666726
+15624884979
+15620706133
+15621828624
+15629185636
+15621607388
+15620697272
+15626540875
+15620377716
+15621861771
+15620869793
+15620046316
+15626976879
+15628921387
+15620196254
+15624793498
+15623023590
+15627336826
+15622222169
+15621251760
+15629352496
+15622821076
+15628756322
+15628271681
+15623126907
+15621390388
+15629707208
+15628354890
+15625662049
+15623247449
+15626154187
+15625684609
+15626270906
+15621316986
+15621856078
+15626056663
+15626496752
+15620308358
+15623732857
+15621265259
+15626022636
+15626405290
+15623671845
+15626442918
+15620972698
+15624734471
+15627478482
+15620216927
+15627390106
+15621918874
+15627776483
+15621275530
+15625479074
+15624440818
+15622007868
+15624687464
+15626755070
+15625290322
+15623286258
+15625196057
+15623241113
+15624312499
+15625607457
+15626756093
+15628571452
+15627248287
+15627254690
+15620232702
+15627784284
+15623161089
+15628268467
+15623616173
+15625311022
+15625454328
+15627677301
+15628328092
+15624100075
+15627765449
+15621809424
+15624408726
+15620789949
+15627369873
+15627393170
+15623903958
+15623517661
+15624433021
+15625912707
+15621976092
+15624914335
+15628623641
+15621076418
+15629523554
+15628418158
+15626505176
+15628483641
+15620002600
+15625779160
+15623774615
+15629726608
+15620172281
+15628237421
+15621474449
+15624553466
+15622219322
+15626143212
+15621742425
+15628040184
+15628244426
+15622812119
+15623619113
+15627127214
+15622717145
+15627785994
+15622983499
+15624810737
+15629349216
+15624008076
+15621376099
+15626169382
+15629246425
+15621163141
+15624106158
+15620462759
+15627451201
+15622872320
+15627307687
+15621815671
+15621495723
+15620621511
+15629485800
+15623643092
+15622098112
+15624627346
+15629073338
+15620698338
+15623460513
+15621890358
+15624759627
+15629586255
+15624959752
+15623290976
+15621270288
+15623203722
+15621626218
+15624060493
+15620021228
+15621763225
+15629770914
+15628177161
+15629681294
+15624284672
+15622981389
+15625215763
+15628709417
+15629656235
+15626363889
+15628732975
+15624873685
+15621277783
+15629837156
+15620818997
+15625943069
+15625309457
+15629863633
+15626150957
+15628391292
+15625395773
+15626999982
+15620932639
+15624871992
+15622782736
+15628848798
+15625337071
+15620584341
+15623523542
+15627042542
+15622213876
+15626335450
+15627433857
+15627399799
+15625825344
+15620844960
+15624883153
+15629602673
+15626571916
+15622188705
+15623771716
+15623708491
+15625538896
+15629509091
+15623941175
+15620294153
+15626996472
+15629852848
+15626651208
+15625302363
+15620746127
+15628952901
+15622925628
+15620365729
+15628709250
+15628094027
+15621924144
+15629980590
+15628881771
+15624202759
+15622014109
+15621441798
+15628404219
+15626888747
+15625194935
+15623021845
+15624061754
+15626420202
+15628456426
+15621562607
+15627191707
+15622045446
+15629899613
+15626143239
+15625397201
+15620771200
+15625146458
+15620595286
+15627651153
+15623660156
+15623459086
+15621533924
+15625201110
+15626861416
+15624733679
+15625134158
+15629508346
+15624179727
+15626282616
+15624280852
+15621778989
+15625233901
+15627852450
+15626928601
+15622816140
+15625217239
+15626115397
+15622497701
+15620402889
+15625422884
+15629720990
+15629018015
+15623808388
+15629353838
+15624953377
+15623727990
+15628603668
+15622501586
+15625195918
+15628464692
+15621834967
+15626441078
+15628604529
+15628771994
+15625444457
+15621310012
+15625259136
+15620291166
+15626934437
+15622745477
+15628636990
+15623566503
+15627166862
+15625129860
+15629340234
+15622289219
+15620332153
+15622713639
+15627551450
+15629118178
+15627840874
+15626235775
+15629735580
+15627149404
+15621421516
+15622129716
+15620610349
+15625212420
+15626219805
+15622643396
+15628069711
+15624563286
+15625100797
+15626784622
+15625743067
+15629596704
+15620319114
+15621688301
+15623379079
+15624268975
+15629951943
+15628180606
+15620441457
+15628506069
+15624401782
+15627059020
+15626927719
+15628285906
+15620172343
+15624520691
+15627686804
+15620610833
+15623692067
+15621514993
+15621225723
+15626513323
+15621194336
+15627072867
+15628009660
+15622921356
+15620442290
+15624347263
+15628223021
+15623920793
+15621791631
+15620164765
+15620122772
+15621367841
+15625775193
+15623021188
+15623715538
+15621207776
+15629141171
+15620100322
+15623588473
+15628619908
+15624747378
+15625965377
+15627820912
+15622664173
+15628634771
+15629518104
+15627333392
+15626191814
+15625952874
+15629968112
+15629561161
+15626996512
+15626189666
+15625639982
+15627846635
+15624975556
+15624216782
+15629480192
+15620735383
+15625942225
+15628330324
+15623501401
+15620549317
+15626757159
+15628529108
+15626769573
+15623669193
+15629394856
+15625523654
+15625416314
+15621833586
+15620215818
+15627938519
+15628546457
+15626137298
+15629167932
+15625654282
+15621052268
+15627912869
+15628213399
+15623179703
+15628154961
+15628779094
+15628702164
+15623155851
+15627987669
+15622460018
+15627367574
+15621510362
+15622924447
+15627188318
+15626632183
+15626161510
+15629383575
+15626153122
+15625630507
+15627654700
+15623803767
+15627011590
+15623465384
+15623472539
+15624726211
+15628201901
+15628372504
+15624306714
+15621926312
+15626610814
+15624609562
+15622979166
+15624704499
+15624733130
+15623832881
+15627720138
+15620763271
+15629462812
+15624509405
+15628285321
+15623810276
+15629640861
+15628533794
+15625420486
+15628627025
+15624031261
+15625719929
+15625566623
+15621635767
+15629794616
+15628236723
+15628492553
+15627062469
+15620900167
+15628522830
+15629654328
+15628560882
+15625202712
+15627295953
+15620856347
+15620604631
+15628660670
+15629631961
+15622202079
+15622067149
+15625703390
+15621832502
+15626701487
+15623174356
+15621247071
+15625570839
+15623930852
+15624067631
+15623564828
+15621453953
+15625860459
+15627444542
+15624497655
+15621294169
+15629767121
+15627274877
+15620329298
+15623050572
+15629452022
+15629082857
+15620071133
+15626912510
+15627388046
+15625166941
+15626943875
+15622663997
+15620308040
+15622363917
+15626674834
+15624814518
+15628242696
+15626581424
+15626819600
+15620051218
+15623516199
+15623215599
+15622086518
+15622267724
+15620850213
+15626026534
+15620412328
+15621343587
+15626313149
+15627102794
+15621263208
+15629529139
+15625459044
+15621423103
+15623082812
+15626401988
+15625722880
+15620101678
+15623012902
+15620163413
+15629579095
+15629228754
+15627443740
+15623406723
+15628584793
+15628250801
+15622603686
+15621787357
+15620382830
+15622229288
+15628510800
+15625406659
+15625405127
+15628324044
+15625845787
+15623188553
+15626478241
+15625663494
+15629348583
+15620733345
+15621059443
+15629292622
+15626927978
+15621811137
+15624850356
+15623738770
+15621791201
+15628683330
+15623252547
+15623263518
+15623626080
+15626859859
+15623824133
+15627361604
+15622742309
+15625179450
+15625267052
+15623095156
+15625800817
+15622627440
+15620303789
+15629663879
+15625941783
+15626026609
+15623291723
+15621985087
+15620398922
+15626395081
+15621759872
+15628438362
+15626756692
+15627667123
+15621991344
+15626577502
+15625329285
+15625730759
+15623999564
+15627489505
+15625768059
+15622099400
+15622421947
+15624437185
+15621211523
+15629335041
+15623348335
+15624726765
+15621003481
+15620268709
+15624898163
+15623244708
+15628974747
+15628522969
+15627842822
+15628459239
+15625736161
+15629404272
+15628896459
+15627369076
+15621733923
+15628078292
+15624600964
+15624209568
+15620842070
+15621453530
+15625860868
+15623258506
+15622782857
+15626744926
+15627391147
+15625778498
+15629928397
+15622098187
+15625508559
+15624999541
+15626358913
+15620932075
+15624421834
+15622012569
+15627815342
+15629475990
+15627391375
+15625210448
+15622568652
+15621505586
+15624105575
+15623373416
+15628716322
+15626085016
+15626299047
+15625997960
+15627599340
+15629513838
+15628057377
+15628403624
+15620254857
+15628241786
+15625593189
+15621192665
+15621880851
+15629779506
+15622346724
+15622500849
+15620083748
+15622933208
+15623078843
+15628092958
+15624921342
+15627775760
+15622422162
+15626169223
+15620687101
+15622290583
+15628622836
+15625782108
+15620682149
+15622593975
+15628027819
+15625634610
+15622242041
+15621517619
+15627140088
+15620096311
+15627425294
+15621779634
+15626187015
+15624168952
+15628038414
+15624735169
+15620681418
+15627393666
+15626068336
+15627511603
+15622035599
+15624468125
+15625152249
+15623373559
+15620368218
+15622351904
+15628398259
+15625838774
+15626931918
+15626452770
+15628193412
+15622798416
+15629775786
+15628988689
+15627482718
+15628815009
+15626500268
+15623812273
+15622369855
+15621939900
+15621488395
+15622559462
+15627344942
+15629762358
+15620897512
+15629730414
+15622189049
+15627304732
+15628187921
+15622318931
+15629921711
+15628757099
+15626826431
+15622033927
+15626043722
+15620094744
+15628802283
+15629249593
+15628135505
+15629646075
+15623056243
+15621263795
+15626934414
+15625569611
+15627015602
+15624440684
+15620867674
+15626769094
+15622133486
+15625717241
+15628158666
+15629560350
+15626530163
+15620669083
+15625916025
+15623315711
+15629034185
+15620012966
+15622562579
+15620145065
+15628552560
+15627843324
+15628699088
+15626766775
+15623317829
+15629759200
+15628064070
+15627672076
+15625554425
+15628319507
+15628879253
+15628909917
+15624345568
+15621223083
+15622044728
+15621878096
+15625837188
+15622107156
+15622943702
+15624958282
+15629286553
+15627320564
+15621890958
+15624309266
+15627013066
+15620113434
+15626029922
+15623510404
+15620291771
+15625066136
+15628259462
+15627113073
+15621742114
+15629739624
+15626759424
+15620846855
+15627651825
+15628752112
+15620182031
+15625608213
+15622862950
+15623055121
+15620592986
+15628709991
+15628787620
+15624555728
+15622967430
+15624608341
+15626204647
+15627562127
+15627381817
+15628506768
+15628757065
+15626916325
+15621297800
+15625526412
+15620572967
+15624087162
+15628130044
+15629040343
+15627529338
+15629509386
+15629680753
+15621611206
+15625871186
+15628995034
+15625968065
+15623543543
+15624690181
+15621121071
+15623894633
+15620816697
+15625599578
+15629469283
+15624957952
+15624955084
+15627077701
+15629332789
+15620328416
+15621924540
+15627505576
+15623365866
+15624264462
+15620692981
+15626978916
+15628162161
+15624006107
+15629416811
+15626851211
+15624672294
+15626704465
+15621136962
+15621086433
+15620101295
+15624808756
+15627651123
+15623033513
+15627379010
+15624112716
+15622978881
+15626548583
+15623267592
+15628650453
+15628654907
+15626031458
+15624762236
+15622509520
+15626865431
+15625676750
+15621527520
+15629581338
+15628518134
+15628905785
+15627571980
+15623075386
+15626801119
+15628547652
+15627234715
+15625912674
+15624000922
+15627434692
+15629307077
+15624494540
+15623898193
+15624124532
+15627057886
+15628885737
+15625307292
+15626020602
+15626542408
+15625644023
+15624379956
+15623560936
+15620979255
+15622744053
+15628005377
+15627296319
+15626726612
+15620406139
+15626349590
+15627761440
+15623807343
+15626318637
+15628385712
+15620221577
+15626730460
+15623352222
+15627264762
+15627526469
+15623400094
+15624931672
+15620024487
+15626762143
+15628370111
+15629446110
+15627526234
+15621229098
+15623389039
+15627225571
+15629292355
+15621763288
+15620420825
+15627350240
+15626951293
+15625741369
+15625299665
+15627411048
+15622477476
+15628074149
+15627662571
+15624952393
+15623235302
+15627388318
+15629092407
+15621642200
+15627990602
+15623575642
+15627442124
+15621089455
+15622181206
+15626597740
+15629399359
+15622682190
+15629164712
+15625313741
+15624893556
+15620298983
+15626939797
+15624940317
+15625461015
+15622234709
+15625943480
+15626857246
+15622067470
+15629274455
+15623139818
+15621216564
+15621557021
+15629978886
+15623454559
+15625357127
+15623361567
+15625871179
+15624612137
+15620807715
+15624522824
+15622354528
+15623435788
+15620118590
+15629375951
+15621209603
+15625540716
+15626266341
+15627519800
+15621162614
+15626431816
+15623594084
+15628356074
+15622466840
+15628545272
+15621496546
+15625806104
+15623779945
+15621731907
+15622717635
+15620134698
+15629996004
+15621886854
+15624134574
+15624209574
+15627429878
+15627280532
+15622876359
+15622609467
+15624820208
+15627186707
+15627980938
+15626560644
+15623852104
+15622157810
+15622073399
+15626624567
+15629497035
+15627451548
+15623572676
+15620449672
+15623668183
+15627284898
+15628688483
+15623762254
+15620681883
+15621715697
+15626545849
+15628463728
+15627605042
+15625939756
+15626019329
+15623054406
+15628941667
+15621471519
+15624255377
+15628645563
+15628813962
+15624881614
+15626426206
+15628070461
+15625491549
+15629708179
+15620605628
+15626394178
+15622029190
+15625038436
+15621454764
+15622705760
+15626751312
+15625525041
+15623394217
+15620390044
+15625777396
+15622464188
+15628980123
+15621294893
+15628452385
+15623686195
+15621994446
+15622750856
+15620180252
+15629851581
+15626051134
+15620148696
+15624378712
+15623738814
+15622756682
+15626107741
+15627630324
+15623775002
+15627985556
+15626213790
+15622070200
+15626850424
+15620306390
+15629761173
+15621714618
+15624815342
+15620846423
+15623597907
+15627374745
+15624663519
+15623698342
+15623767182
+15628443185
+15624691127
+15628777785
+15625247316
+15625430723
+15623013170
+15621829884
+15621035987
+15625785363
+15629103679
+15628665620
+15626878951
+15621865487
+15620686623
+15621250845
+15629115784
+15624915776
+15626634289
+15621660295
+15627040163
+15628245930
+15624238796
+15626982025
+15621668132
+15627217216
+15622849421
+15625817516
+15624498132
+15624093841
+15628358497
+15624234555
+15629514602
+15629377899
+15628038319
+15627563815
+15623192754
+15629588915
+15625561748
+15621504764
+15623665261
+15629772956
+15627173078
+15627063719
+15623535746
+15622705682
+15622142030
+15626480647
+15621973453
+15626749983
+15629379511
+15623363521
+15626366676
+15625019551
+15629348252
+15625940548
+15622709375
+15628321992
+15620129583
+15620727584
+15627061298
+15627084918
+15628614344
+15621423754
+15628461263
+15624463816
+15626688119
+15624185208
+15626034451
+15620491228
+15625558256
+15626449223
+15624902877
+15622513261
+15621844497
+15624432494
+15625381727
+15622010106
+15627667992
+15629760579
+15625792451
+15624149060
+15628216713
+15623984984
+15621769409
+15621034072
+15622633924
+15625855976
+15621370932
+15621462477
+15620469528
+15620567427
+15622092194
+15627410457
+15629679743
+15628635264
+15620776837
+15625742044
+15628513759
+15626189242
+15624301325
+15626635286
+15624257970
+15623255555
+15624372918
+15628326647
+15629910391
+15624929759
+15628488884
+15623535393
+15629393682
+15625320522
+15628894860
+15621286016
+15623991226
+15626084152
+15628189782
+15621558607
+15629982931
+15623338753
+15627807286
+15624200229
+15622501961
+15622807591
+15623466440
+15621377460
+15623654509
+15629967056
+15629331521
+15628916198
+15622081093
+15628492599
+15622945345
+15623047834
+15627399287
+15620104412
+15622119360
+15625183496
+15621854316
+15627439799
+15629059901
+15627239895
+15622456727
+15624530618
+15628084268
+15620768468
+15629921607
+15623341085
+15620522642
+15626242373
+15622189186
+15623349525
+15626737326
+15621484969
+15622124082
+15626151486
+15624790595
+15623517846
+15622584690
+15623620868
+15627597912
+15629840760
+15621193879
+15624437740
+15626575489
+15623826173
+15621459574
+15625003083
+15620394012
+15624078860
+15622982053
+15623528786
+15622919976
+15629265948
+15626512895
+15629494049
+15625069290
+15623406495
+15623397397
+15625497261
+15620050968
+15622712771
+15624258426
+15626188653
+15627542733
+15622012107
+15623967854
+15621763133
+15625961268
+15623712716
+15624415843
+15628757522
+15629207374
+15626259514
+15622589515
+15625129412
+15620659632
+15621510225
+15628678734
+15628300697
+15623560532
+15623898495
+15625890182
+15622512322
+15623922486
+15627310211
+15626498559
+15626002250
+15629553846
+15624546109
+15623741735
+15627668187
+15620220838
+15628621913
+15625416833
+15621770859
+15623096111
+15624395524
+15626928175
+15622415268
+15623796065
+15623003991
+15624067977
+15621347620
+15629061038
+15621789905
+15624611780
+15623568200
+15623994357
+15628397721
+15621483393
+15624965184
+15625737185
+15623011555
+15627745383
+15623375005
+15629341362
+15625318599
+15625473975
+15623006458
+15623528205
+15626532151
+15622334876
+15626802446
+15625351279
+15624491964
+15626202574
+15620918055
+15620819715
+15625143908
+15620038768
+15626962885
+15628172775
+15625547196
+15623188234
+15626822512
+15621609968
+15627929239
+15623267219
+15628837745
+15623884938
+15622410249
+15624247321
+15620253922
+15626697923
+15622999120
+15628785132
+15629338076
+15625928091
+15622803423
+15628108723
+15627252719
+15629280131
+15624557972
+15620675908
+15621433552
+15623439975
+15627971486
+15627703106
+15623772565
+15623546632
+15629052227
+15629814179
+15621531608
+15629723285
+15621937437
+15627941756
+15629121415
+15627497662
+15621302567
+15624260144
+15622515512
+15622319185
+15626554359
+15626182487
+15629340227
+15628186427
+15628112730
+15623094880
+15625688513
+15623958452
+15622422249
+15629761025
+15623319279
+15626502915
+15629790250
+15628715865
+15620392940
+15624505035
+15628216102
+15626626884
+15628091384
+15620535651
+15623049040
+15625299851
+15625597087
+15621113663
+15621776823
+15624523128
+15625574462
+15629147060
+15622564301
+15623034151
+15623305755
+15626976178
+15620729558
+15629281132
+15629522002
+15623804725
+15624196034
+15629821545
+15622370616
+15622226815
+15629792919
+15623546498
+15621789580
+15621812870
+15621084593
+15622414507
+15624279968
+15624568431
+15623686226
+15624261339
+15627656637
+15626489883
+15621458677
+15623738365
+15625134397
+15622218741
+15620136192
+15622037058
+15624431033
+15629579711
+15623562413
+15622844230
+15627976298
+15627937786
+15621346918
+15626135682
+15622937895
+15624813730
+15627630659
+15622940860
+15628258643
+15627340352
+15620002272
+15620836567
+15625621844
+15628202392
+15629636337
+15629086915
+15623934899
+15621792857
+15621969762
+15629320136
+15625817588
+15626470940
+15624535121
+15625168452
+15629106888
+15621180676
+15620119747
+15626690609
+15629175742
+15623554379
+15623525632
+15623873899
+15624828221
+15620973272
+15620812919
+15628114334
+15620075119
+15622003295
+15622551924
+15621781550
+15625554478
+15623963489
+15628138936
+15621196115
+15627018367
+15620081357
+15626078481
+15627550498
+15620111553
+15620042986
+15621845864
+15623982637
+15623228737
+15627605108
+15621567638
+15627108859
+15627520613
+15624180399
+15629187971
+15624746266
+15625176818
+15622124462
+15622320294
+15624923506
+15622227023
+15628815698
+15620116199
+15623345646
+15623931099
+15629447581
+15623776441
+15622542861
+15620515089
+15625805682
+15621660294
+15621640446
+15626680143
+15622982114
+15621375041
+15625246320
+15620659025
+15626355527
+15625824071
+15620819776
+15620778916
+15623941309
+15623278147
+15620323228
+15628196343
+15622450699
+15623027822
+15624795193
+15628660284
+15624964197
+15629668936
+15622678940
+15620124491
+15621336963
+15626130344
+15626591658
+15627072816
+15628681427
+15627076570
+15624729599
+15622977570
+15624237947
+15623752922
+15627030943
+15625255758
+15623991216
+15625961792
+15624179796
+15629228504
+15620688280
+15622888234
+15629969579
+15621939013
+15622154059
+15624208134
+15624590630
+15626714633
+15623744823
+15622474768
+15629823381
+15620719492
+15627656610
+15627203800
+15622622151
+15625025790
+15622775570
+15627955153
+15629237775
+15627355269
+15620510488
+15625803493
+15629305570
+15620703477
+15628023085
+15627327039
+15628312678
+15620482425
+15627169042
+15620970516
+15621510888
+15629701624
+15628849993
+15620302592
+15621630096
+15625352929
+15629327273
+15620445566
+15620001121
+15621195075
+15625484786
+15629843668
+15621910549
+15624747216
+15620888640
+15629030926
+15626572165
+15623751800
+15620170741
+15622300929
+15625735656
+15628422445
+15623639407
+15620978075
+15624338075
+15624854804
+15629435300
+15623616865
+15622981421
+15622414711
+15629678489
+15623340494
+15626172235
+15621318419
+15624697390
+15628563927
+15627947783
+15620499558
+15623509932
+15620159308
+15623823457
+15620284894
+15620702616
+15626500080
+15623381269
+15627185520
+15626822234
+15621669523
+15620826484
+15626333540
+15625626060
+15624848238
+15624247979
+15624373884
+15629889869
+15625386664
+15623801700
+15621379333
+15629466196
+15622547811
+15629011029
+15623506585
+15627739272
+15620102071
+15629268280
+15621834645
+15622227598
+15628614028
+15622991817
+15620049389
+15620233616
+15621634302
+15623889779
+15624119068
+15621223929
+15627441798
+15624730206
+15622896624
+15625144376
+15627912677
+15627464183
+15625045763
+15620735430
+15623525529
+15628588504
+15623285504
+15627804618
+15625707307
+15623743428
+15620045930
+15623414379
+15621063643
+15628077050
+15626661467
+15621840334
+15628007684
+15621336209
+15627924862
+15629807390
+15624010391
+15624265787
+15620105068
+15626051184
+15624218143
+15629675121
+15626862998
+15627741728
+15624473171
+15625750199
+15628584098
+15628709887
+15625765117
+15620252600
+15625687995
+15622286747
+15626670722
+15620831377
+15620669548
+15623507088
+15621382315
+15629138101
+15628748563
+15625126753
+15628037993
+15623206735
+15624426194
+15623137785
+15620498625
+15623766875
+15626898139
+15627584277
+15626756204
+15620696405
+15621325053
+15625890724
+15625029092
+15626735798
+15626668568
